0	0.5412529521978777
1	0.4909680751511233
2	0.45660784957244727
3	0.43114659211794665
4	0.41137538869035434
5	0.3955836645280332
6	0.3827657028746698
7	0.3722743064272905
8	0.36365545415250994
9	0.35656723850598265
10	0.35073927956170214
11	0.3459515318446714
12	0.3420223288957218
13	0.33880085359054274
14	0.33616180231873266
15	0.3340012304870068
16	0.33223312694677865
17	0.3307865127826728
18	0.32960296416977836
19	0.3286345000553141
20	0.32784179040588457
21	0.32719264615766963
22	0.32666075463573996
23	0.32622462656446444
24	0.3258667235451289
25	0.32557273801716863
26	0.3253310010390478
27	0.32513199651325553
28	0.3249679635819762
29	0.32483257174273794
30	0.32472065573404624
31	0.324627999412276
32	0.3245511596977435
33	0.32448732323700097
34	0.3244341897424704
35	0.32438987706332506
36	0.324352843945251
37	0.32432182718083524
38	0.3242957904630066
39	0.3242738827536744
40	0.32425540438791967
41	0.32423977946685434
42	0.3242265333632908
43	0.32421527438486586
44	0.32420567881847834
45	0.32419747872555776
46	0.32419045197596075
47	0.3241844141043622
48	0.32417921165096447
49	0.3241747167116761
50	0.32417082247432166
51	0.3241674395591273
52	0.3241644930156945
53	0.32416191985609527
54	0.3241596670261749
55	0.3241576897352364
56	0.32415595007910164
57	0.32415441590351807
58	0.3241530598646437
59	0.32415185865130397
60	0.32415079234016253
61	0.32414984386022655
62	0.3241489985473842
63	0.32414824377317847
64	0.32414756863488337
65	0.3241469636962332
66	0.32414642077012074
67	0.32414593273608117
68	0.3241454933866632
69	0.32414509729784496
70	0.3241447397194753
71	0.3241444164824471
72	0.3241441239198544
73	0.3241438587998824
74	0.32414361826853344
75	0.32414339980065293
76	0.32414320115793277
77	0.32414302035282894
78	0.3241428556174804
79	0.3241427053768736
80	0.3241425682256202
81	0.3241424429078227
82	0.32414232829956763
83	0.32414222339368043
84	0.3241421272864194
85	0.32414203916582857
86	0.3241419583015418
87	0.32414188403582295
88	0.32414181577568596
89	0.324141752985945
90	0.32414169518309355
91	0.3241416419298714
92	0.32414159283046945
93	0.3241415475262717
94	0.3241415056920648
95	0.32414146703267827
96	0.32414143127998224
97	0.32414139819021626
98	0.32414136754159684
99	0.32414133913218524
100	0.32414131277797514
101	0.32414128831117545
102	0.32414126557868056
103	0.3241412444406831
104	0.3241412247694362
105	0.3241412064481398
106	0.3241411893699307
107	0.3241411734369763
108	0.3241411585596615
109	0.324141144655847
110	0.324141131650201
111	0.3241411194735994
112	0.3241411080625737
113	0.32414109735882585
114	0.324141087308768
115	0.3241410778631247
116	0.3241410689765593
117	0.3241410606073384
118	0.32414105271703025
119	0.32414104527022386
120	0.32414103823427554
121	0.3241410315790822
122	0.32414102527687083
123	0.3241410193020058
124	0.3241410136308144
125	0.3241410082414293
126	0.3241410031136431
127	0.3241409982287708
128	0.32414099356953635
129	0.3241409891199503
130	0.3241409848652186
131	0.324140980791643
132	0.3241409768865342
133	0.32414097313814133
134	0.32414096953556787
135	0.32414096606871673
136	0.32414096272822085
137	0.32414095950539384
138	0.3241409563921737
139	0.32414095338107995
140	0.3241409504651648
141	0.3241409476379796
142	0.3241409448935291
143	0.3241409422262468
144	0.3241409396309594
145	0.3241409371028555
146	0.3241409346374643
147	0.3241409322306243
148	0.3241409298784686
149	0.32414092757739565
150	0.3241409253240558
151	0.3241409231153295
152	0.3241409209483156
153	0.3241409188203085
154	0.3241409167287925
155	0.32414091467142164
156	0.3241409126460108
157	0.3241409106505234
158	0.32414090868306256
159	0.3241409067418581
160	0.324140904825262
161	0.32414090293173614
162	0.324140901059847
163	0.3241408992082568
164	0.324140897375717
165	0.3241408955610646
166	0.3241408937632126
167	0.3241408919811474
168	0.3241408902139241
169	0.3241408884606581
170	0.3241408867205256
171	0.3241408849927566
172	0.324140883276631
173	0.32414088157147897
174	0.324140879876672
175	0.324140878191625
176	0.3241408765157913
177	0.3241408748486587
178	0.32414087318974955
179	0.32414087153861804
180	0.324140869894844
181	0.32414086825804106
182	0.3241408666278418
183	0.3241408650039073
184	0.3241408633859165
185	0.32414086177357215
186	0.32414086016659666
187	0.324140858564728
188	0.32414085696772216
189	0.32414085537535087
190	0.32414085378740176
191	0.3241408522036743
192	0.32414085062398124
193	0.3241408490481488
194	0.3241408474760121
195	0.3241408459074185
196	0.3241408443422245
197	0.3241408427802947
198	0.324140841221505
199	0.3241408396657374
200	0.3241408381128806
201	0.3241408365628331
202	0.32414083501549523
203	0.32414083347077954
204	0.32414083192859966
205	0.324140830388876
206	0.3241408288515341
207	0.32414082731650484
208	0.32414082578372067
209	0.3241408242531227
210	0.32414082272465244
211	0.3241408211982551
212	0.3241408196738811
213	0.3241408181514824
214	0.32414081663101474
215	0.32414081511243614
216	0.3241408135957085
217	0.3241408120807922
218	0.32414081056765653
219	0.32414080905626635
220	0.32414080754659225
221	0.32414080603860457
222	0.3241408045322782
223	0.32414080302758663
224	0.3241408015245059
225	0.32414080002301493
226	0.32414079852309147
227	0.3241407970247174
228	0.3241407955278727
229	0.3241407940325409
230	0.32414079253870554
231	0.32414079104634924
232	0.32414078955546016
233	0.32414078806602353
234	0.32414078657802586
235	0.32414078509145644
236	0.3241407836063011
237	0.32414078212255193
238	0.3241407806401972
239	0.3241407791592275
240	0.3241407776796342
241	0.3241407762014081
242	0.324140774724541
243	0.32414077324902524
244	0.32414077177485356
245	0.32414077030201954
246	0.3241407688305172
247	0.3241407673603381
248	0.324140765891479
249	0.3241407644239313
250	0.3241407629576935
251	0.3241407614927572
252	0.32414076002911885
253	0.32414075856677466
254	0.3241407571057203
255	0.32414075564594974
256	0.32414075418746113
257	0.3241407527302483
258	0.3241407512743116
259	0.32414074981964425
260	0.32414074836624357
261	0.32414074691410777
262	0.32414074546323146
263	0.32414074401361387
264	0.3241407425652507
265	0.3241407411181414
266	0.32414073967228224
267	0.32414073822767
268	0.32414073678430255
269	0.3241407353421783
270	0.3241407339012954
271	0.3241407324616496
272	0.3241407310232411
273	0.32414072958606693
274	0.3241407281501247
275	0.3241407267154133
276	0.3241407252819305
277	0.32414072384967446
278	0.32414072241864494
279	0.32414072098883784
280	0.3241407195602522
281	0.324140718132888
282	0.32414071670674127
283	0.32414071528181265
284	0.32414071385809945
285	0.32414071243559917
286	0.32414071101431247
287	0.32414070959423696
288	0.3241407081753718
289	0.32414070675771384
290	0.32414070534126416
291	0.32414070392601996
292	0.3241407025119805
293	0.3241407010991447
294	0.3241406996875098
295	0.3241406982770761
296	0.32414069686784247
297	0.32414069545980584
298	0.3241406940529675
299	0.32414069264732515
300	0.324140691242876
301	0.324140689839621
302	0.32414068843755783
303	0.3241406870366866
304	0.3241406856370054
305	0.324140684238513
306	0.3241406828412084
307	0.32414068144509056
308	0.3241406800501583
309	0.3241406786564106
310	0.3241406772638456
311	0.32414067587246304
312	0.3241406744822622
313	0.32414067309324174
314	0.3241406717054
315	0.3241406703187365
316	0.32414066893324894
317	0.3241406675489397
318	0.32414066616580267
319	0.32414066478384135
320	0.32414066340305125
321	0.3241406620234346
322	0.3241406606449877
323	0.3241406592677105
324	0.32414065789160235
325	0.32414065651666113
326	0.32414065514288776
327	0.32414065377027934
328	0.32414065239883605
329	0.3241406510285557
330	0.3241406496594376
331	0.3241406482914821
332	0.3241406469246872
333	0.3241406455590518
334	0.3241406441945742
335	0.32414064283125527
336	0.324140641469092
337	0.32414064010808497
338	0.3241406387482322
339	0.3241406373895339
340	0.3241406360319874
341	0.3241406346755933
342	0.3241406333203495
343	0.32414063196625575
344	0.32414063061331
345	0.3241406292615128
346	0.3241406279108618
347	0.3241406265613568
348	0.3241406252129973
349	0.3241406238657803
350	0.3241406225197078
351	0.3241406211747761
352	0.324140619830986
353	0.3241406184883353
354	0.32414061714682424
355	0.32414061580645104
356	0.32414061446721426
357	0.3241406131291141
358	0.3241406117921495
359	0.3241406104563185
360	0.32414060912162085
361	0.32414060778805615
362	0.3241406064556215
363	0.32414060512431864
364	0.3241406037941443
365	0.3241406024650987
366	0.32414060113718035
367	0.32414059981038873
368	0.3241405984847227
369	0.3241405971601814
370	0.3241405958367639
371	0.3241405945144689
372	0.3241405931932957
373	0.32414059187324323
374	0.32414059055431144
375	0.3241405892364978
376	0.32414058791980227
377	0.3241405866042233
378	0.32414058528976175
379	0.3241405839764143
380	0.3241405826641813
381	0.32414058135306206
382	0.32414058004305396
383	0.3241405787341582
384	0.3241405774263728
385	0.32414057611969715
386	0.3241405748141289
387	0.324140573509669
388	0.32414057220631637
389	0.32414057090406867
390	0.3241405696029261
391	0.32414056830288746
392	0.3241405670039525
393	0.32414056570611843
394	0.32414056440938593
395	0.32414056311375333
396	0.32414056181922085
397	0.3241405605257854
398	0.324140559233448
399	0.3241405579422075
400	0.32414055665206115
401	0.3241405553630108
402	0.32414055407505377
403	0.3241405527881895
404	0.32414055150241605
405	0.32414055021773447
406	0.3241405489341428
407	0.3241405476516395
408	0.3241405463702251
409	0.3241405450898973
410	0.32414054381065577
411	0.3241405425325004
412	0.32414054125542924
413	0.32414053997944053
414	0.32414053870453524
415	0.3241405374307113
416	0.32414053615796884
417	0.3241405348863054
418	0.3241405336157215
419	0.3241405323462153
420	0.3241405310777868
421	0.32414052981043373
422	0.3241405285441557
423	0.3241405272789526
424	0.3241405260148228
425	0.3241405247517664
426	0.3241405234897797
427	0.3241405222288656
428	0.324140520969021
429	0.32414051971024427
430	0.32414051845253666
431	0.3241405171958953
432	0.3241405159403215
433	0.32414051468581173
434	0.32414051343236633
435	0.324140512179985
436	0.3241405109286668
437	0.32414050967840874
438	0.3241405084292117
439	0.32414050718107534
440	0.3241405059339984
441	0.3241405046879788
442	0.3241405034430168
443	0.32414050219911117
444	0.3241405009562603
445	0.32414049971446385
446	0.324140498473721
447	0.3241404972340325
448	0.3241404959953942
449	0.3241404947578067
450	0.32414049352127056
451	0.3241404922857827
452	0.3241404910513436
453	0.32414048981795124
454	0.32414048858560573
455	0.32414048735430534
456	0.32414048612404966
457	0.32414048489483904
458	0.32414048366667053
459	0.3241404824395444
460	0.3241404812134592
461	0.32414047998841367
462	0.3241404787644084
463	0.3241404775414416
464	0.32414047631951215
465	0.324140475098619
466	0.3241404738787631
467	0.32414047265994056
468	0.3241404714421536
469	0.3241404702253992
470	0.324140469009677
471	0.3241404677949864
472	0.3241404665813267
473	0.32414046536869656
474	0.32414046415709463
475	0.32414046294652205
476	0.32414046173697564
477	0.3241404605284565
478	0.3241404593209619
479	0.32414045811449144
480	0.32414045690904564
481	0.3241404557046217
482	0.3241404545012204
483	0.3241404532988395
484	0.3241404520974792
485	0.3241404508971388
486	0.3241404496978159
487	0.3241404484995104
488	0.3241404473022216
489	0.3241404461059498
490	0.32414044491069227
491	0.324140443716448
492	0.3241404425232188
493	0.3241404413310009
494	0.3241404401397952
495	0.3241404389495994
496	0.3241404377604143
497	0.32414043657223657
498	0.3241404353850683
499	0.3241404341989068
500	0.32414043301375217
501	0.32414043182960306
502	0.32414043064645853
503	0.32414042946431726
504	0.32414042828318
505	0.32414042710304447
506	0.32414042592390996
507	0.3241404247457762
508	0.3241404235686416
509	0.32414042239250623
510	0.32414042121736814
511	0.32414042004322763
512	0.32414041887008294
513	0.324140417697934
514	0.3241404165267798
515	0.3241404153566185
516	0.32414041418745054
517	0.32414041301927454
518	0.32414041185208964
519	0.3241404106858949
520	0.3241404095206895
521	0.3241404083564731
522	0.324140407193244
523	0.3241404060310022
524	0.32414040486974666
525	0.32414040370947594
526	0.3241404025501897
527	0.3241404013918868
528	0.32414040023456736
529	0.3241403990782293
530	0.32414039792287247
531	0.32414039676849543
532	0.3241403956150982
533	0.32414039446267967
534	0.32414039331123906
535	0.32414039216077534
536	0.3241403910112876
537	0.3241403898627751
538	0.32414038871523665
539	0.32414038756867175
540	0.32414038642308074
541	0.3241403852784618
542	0.3241403841348122
543	0.3241403829921342
544	0.3241403818504255
545	0.32414038070968537
546	0.32414037956991254
547	0.3241403784311069
548	0.3241403772932685
549	0.32414037615639396
550	0.32414037502048554
551	0.32414037388553985
552	0.32414037275155666
553	0.32414037161853615
554	0.3241403704864775
555	0.3241403693553783
556	0.3241403682252396
557	0.32414036709605965
558	0.324140365967837
559	0.3241403648405722
560	0.3241403637142636
561	0.3241403625889107
562	0.32414036146451236
563	0.3241403603410678
564	0.3241403592185763
565	0.3241403580970373
566	0.3241403569764499
567	0.3241403558568131
568	0.3241403547381271
569	0.32414035362038973
570	0.3241403525035999
571	0.32414035138775843
572	0.32414035027286286
573	0.32414034915891393
574	0.3241403480459101
575	0.3241403469338497
576	0.32414034582273304
577	0.32414034471255937
578	0.3241403436033275
579	0.3241403424950371
580	0.3241403413876867
581	0.32414034028127553
582	0.3241403391758035
583	0.3241403380712683
584	0.32414033696767086
585	0.3241403358650102
586	0.324140334763284
587	0.32414033366249273
588	0.3241403325626362
589	0.3241403314637128
590	0.32414033036572154
591	0.32414032926866065
592	0.3241403281725316
593	0.32414032707733187
594	0.32414032598306125
595	0.32414032488971983
596	0.32414032379730545
597	0.32414032270581794
598	0.3241403216152552
599	0.32414032052562014
600	0.3241403194369083
601	0.3241403183491203
602	0.32414031726225445
603	0.3241403161763119
604	0.32414031509128927
605	0.32414031400718757
606	0.32414031292400647
607	0.3241403118417433
608	0.3241403107603984
609	0.3241403096799721
610	0.32414030860046017
611	0.3241403075218653
612	0.3241403064441859
613	0.3241403053674199
614	0.324140304291568
615	0.32414030321662857
616	0.3241403021426017
617	0.32414030106948494
618	0.3241402999972794
619	0.3241402989259833
620	0.32414029785559517
621	0.32414029678611717
622	0.32414029571754494
623	0.32414029464987987
624	0.3241402935831195
625	0.3241402925172646
626	0.32414029145231427
627	0.3241402903882674
628	0.3241402893251234
629	0.3241402882628814
630	0.3241402872015401
631	0.324140286141099
632	0.3241402850815577
633	0.3241402840229152
634	0.3241402829651707
635	0.3241402819083246
636	0.32414028085237473
637	0.32414027979731935
638	0.32414027874316
639	0.3241402776898946
640	0.3241402766375233
641	0.32414027558604436
642	0.324140274535457
643	0.3241402734857621
644	0.32414027243695626
645	0.3241402713890409
646	0.3241402703420151
647	0.324140269295877
648	0.32414026825062703
649	0.32414026720626277
650	0.32414026616278463
651	0.32414026512019184
652	0.32414026407848345
653	0.3241402630376595
654	0.3241402619977172
655	0.3241402609586575
656	0.3241402599204798
657	0.3241402588831834
658	0.32414025784676537
659	0.32414025681122743
660	0.3241402557765684
661	0.3241402547427858
662	0.3241402537098819
663	0.32414025267785346
664	0.32414025164669974
665	0.32414025061642177
666	0.32414024958701715
667	0.32414024855848667
668	0.3241402475308279
669	0.32414024650404116
670	0.32414024547812526
671	0.3241402444530794
672	0.32414024342890346
673	0.32414024240559697
674	0.32414024138315795
675	0.3241402403615863
676	0.3241402393408812
677	0.3241402383210424
678	0.32414023730206865
679	0.32414023628395927
680	0.3241402352667129
681	0.3241402342503302
682	0.3241402332348087
683	0.3241402322201499
684	0.3241402312063511
685	0.32414023019341276
686	0.32414022918133306
687	0.3241402281701124
688	0.3241402271597493
689	0.32414022615024346
690	0.32414022514159435
691	0.3241402241338003
692	0.32414022312686164
693	0.32414022212077714
694	0.32414022111554575
695	0.32414022011116694
696	0.3241402191076404
697	0.32414021810496496
698	0.32414021710313967
699	0.3241402161021651
700	0.32414021510204005
701	0.324140214102762
702	0.32414021310433266
703	0.32414021210675054
704	0.324140211110013
705	0.3241402101141225
706	0.32414020911907643
707	0.3241402081248741
708	0.32414020713151526
709	0.32414020613899897
710	0.32414020514732494
711	0.32414020415649203
712	0.3241402031664994
713	0.3241402021773464
714	0.3241402011890331
715	0.32414020020155837
716	0.3241401992149204
717	0.32414019822911916
718	0.3241401972441551
719	0.32414019626002605
720	0.3241401952767319
721	0.32414019429427215
722	0.3241401933126458
723	0.32414019233185126
724	0.32414019135188876
725	0.3241401903727585
726	0.3241401893944577
727	0.3241401884169879
728	0.32414018744034695
729	0.32414018646453396
730	0.3241401854895488
731	0.32414018451539073
732	0.32414018354205965
733	0.3241401825695531
734	0.3241401815978724
735	0.32414018062701566
736	0.3241401796569822
737	0.3241401786877721
738	0.32414017771938314
739	0.3241401767518165
740	0.32414017578506993
741	0.32414017481914453
742	0.3241401738540366
743	0.32414017288974933
744	0.3241401719262787
745	0.3241401709636257
746	0.32414017000178946
747	0.324140169040769
748	0.3241401680805639
749	0.32414016712117283
750	0.3241401661625961
751	0.3241401652048322
752	0.3241401642478797
753	0.32414016329174067
754	0.3241401623364119
755	0.32414016138189283
756	0.3241401604281844
757	0.32414015947528424
758	0.3241401585231927
759	0.3241401575719082
760	0.32414015662143103
761	0.3241401556717606
762	0.32414015472289553
763	0.32414015377483524
764	0.324140152827579
765	0.3241401518811264
766	0.32414015093547577
767	0.32414014999062746
768	0.3241401490465813
769	0.324140148103336
770	0.32414014716088974
771	0.3241401462192432
772	0.32414014527839646
773	0.32414014433834626
774	0.324140143399094
775	0.3241401424606393
776	0.3241401415229801
777	0.3241401405861155
778	0.3241401396500456
779	0.32414013871477104
780	0.32414013778028844
781	0.3241401368465988
782	0.3241401359137012
783	0.32414013498159555
784	0.3241401340502788
785	0.3241401331197541
786	0.324140132190017
787	0.32414013126106883
788	0.3241401303329097
789	0.324140129405537
790	0.32414012847895035
791	0.3241401275531498
792	0.3241401266281355
793	0.32414012570390505
794	0.3241401247804589
795	0.3241401238577961
796	0.3241401229359155
797	0.32414012201481734
798	0.3241401210944996
799	0.32414012017496213
800	0.3241401192562055
801	0.3241401183382282
802	0.32414011742102894
803	0.32414011650460806
804	0.3241401155889645
805	0.32414011467409803
806	0.32414011376000645
807	0.3241401128466911
808	0.3241401119341499
809	0.3241401110223828
810	0.32414011011138893
811	0.32414010920116854
812	0.32414010829171935
813	0.3241401073830413
814	0.32414010647513397
815	0.324140105567997
816	0.32414010466163035
817	0.324140103756031
818	0.3241401028511998
819	0.3241401019471368
820	0.32414010104384017
821	0.32414010014131
822	0.32414009923954573
823	0.32414009833854557
824	0.32414009743831
825	0.32414009653883774
826	0.3241400956401281
827	0.32414009474218153
828	0.3241400938449958
829	0.3241400929485713
830	0.3241400920529074
831	0.3241400911580028
832	0.32414009026385715
833	0.32414008937047034
834	0.3241400884778399
835	0.324140087585968
836	0.3241400866948523
837	0.324140085804492
838	0.3241400849148867
839	0.3241400840260365
840	0.32414008313793996
841	0.3241400822505969
842	0.32414008136400674
843	0.32414008047816706
844	0.32414007959307994
845	0.32414007870874256
846	0.32414007782515664
847	0.3241400769423191
848	0.3241400760602302
849	0.3241400751788893
850	0.3241400742982968
851	0.3241400734184511
852	0.32414007253935045
853	0.3241400716609963
854	0.3241400707833873
855	0.3241400699065218
856	0.32414006903040105
857	0.32414006815502244
858	0.32414006728038663
859	0.3241400664064929
860	0.3241400655333398
861	0.32414006466092704
862	0.3241400637892548
863	0.3241400629183219
864	0.3241400620481269
865	0.32414006117867017
866	0.32414006030995185
867	0.3241400594419696
868	0.32414005857472333
869	0.3241400577082125
870	0.324140056842437
871	0.32414005597739526
872	0.32414005511308774
873	0.324140054249513
874	0.32414005338667007
875	0.32414005252456
876	0.32414005166318133
877	0.32414005080253167
878	0.32414004994261314
879	0.3241400490834228
880	0.32414004822496206
881	0.3241400473672296
882	0.32414004651022366
883	0.32414004565394516
884	0.32414004479839265
885	0.32414004394356555
886	0.3241400430894631
887	0.3241400422360857
888	0.32414004138343283
889	0.324140040531502
890	0.3241400396802934
891	0.324140038829807
892	0.3241400379800425
893	0.32414003713099776
894	0.3241400362826739
895	0.3241400354350691
896	0.32414003458818363
897	0.32414003374201483
898	0.3241400328965652
899	0.3241400320518321
900	0.3241400312078157
901	0.3241400303645147
902	0.3241400295219285
903	0.32414002868005787
904	0.32414002783890095
905	0.32414002699845645
906	0.32414002615872617
907	0.3241400253197071
908	0.3241400244813997
909	0.3241400236438028
910	0.3241400228069173
911	0.3241400219707407
912	0.32414002113527424
913	0.3241400203005154
914	0.3241400194664648
915	0.32414001863312064
916	0.3241400178004843
917	0.3241400169685539
918	0.3241400161373286
919	0.32414001530680875
920	0.32414001447699303
921	0.32414001364788064
922	0.32414001281947247
923	0.32414001199176595
924	0.3241400111647607
925	0.32414001033845746
926	0.3241400095128559
927	0.3241400086879537
928	0.3241400078637517
929	0.3241400070402471
930	0.3241400062174421
931	0.3241400053953345
932	0.3241400045739239
933	0.3241400037532102
934	0.3241400029331923
935	0.32414000211387034
936	0.32414000129524323
937	0.3241400004773083
938	0.32413999966006973
939	0.3241399988435231
940	0.3241399980276692
941	0.32413999721250686
942	0.32413999639803515
943	0.32413999558425505
944	0.324139994771165
945	0.32413999395876403
946	0.3241399931470523
947	0.32413999233602947
948	0.32413999152569367
949	0.32413999071604543
950	0.32413998990708404
951	0.3241399890988083
952	0.324139988291218
953	0.3241399874843116
954	0.32413998667809074
955	0.32413998587255355
956	0.32413998506769887
957	0.32413998426352647
958	0.32413998346003675
959	0.3241399826572277
960	0.3241399818551008
961	0.32413998105365277
962	0.3241399802528856
963	0.324139979452796
964	0.32413997865338556
965	0.3241399778546533
966	0.3241399770565982
967	0.3241399762592194
968	0.3241399754625172
969	0.32413997466649147
970	0.32413997387113924
971	0.32413997307646175
972	0.3241399722824587
973	0.3241399714891288
974	0.32413997069647177
975	0.32413996990448685
976	0.3241399691131728
977	0.3241399683225305
978	0.3241399675325587
979	0.32413996674325696
980	0.32413996595462397
981	0.3241399651666606
982	0.324139964379364
983	0.32413996359273656
984	0.3241399628067754
985	0.3241399620214801
986	0.32413996123685135
987	0.3241399604528886
988	0.3241399596695901
989	0.3241399588869554
990	0.3241399581049852
991	0.3241399573236775
992	0.3241399565430323
993	0.3241399557630486
994	0.3241399549837274
995	0.3241399542050668
996	0.3241399534270662
997	0.3241399526497256
998	0.32413995187304356
999	0.32413995109702065
1000	0.3241399503216559
1001	0.32413994954694736
1002	0.32413994877289704
1003	0.32413994799950274
1004	0.3241399472267639
1005	0.32413994645468125
1006	0.3241399456832533
1007	0.3241399449124783
1008	0.32413994414235703
1009	0.32413994337289
1010	0.32413994260407436
1011	0.32413994183591155
1012	0.324139941068399
1013	0.3241399403015378
1014	0.32413993953532705
1015	0.3241399387697657
1016	0.32413993800485397
1017	0.3241399372405906
1018	0.3241399364769748
1019	0.3241399357140073
1020	0.3241399349516859
1021	0.3241399341900117
1022	0.3241399334289826
1023	0.32413993266859936
1024	0.3241399319088614
1025	0.32413993114976625
1026	0.324139930391316
1027	0.32413992963350885
1028	0.324139928876343
1029	0.3241399281198206
1030	0.3241399273639391
1031	0.32413992660869884
1032	0.3241399258540979
1033	0.32413992510013784
1034	0.32413992434681643
1035	0.32413992359413446
1036	0.32413992284209053
1037	0.3241399220906846
1038	0.3241399213399146
1039	0.32413992058978247
1040	0.32413991984028545
1041	0.32413991909142487
1042	0.32413991834319744
1043	0.3241399175956066
1044	0.3241399168486491
1045	0.32413991610232473
1046	0.3241399153566331
1047	0.32413991461157343
1048	0.32413991386714625
1049	0.3241399131233499
1050	0.32413991238018325
1051	0.3241399116376487
1052	0.32413991089574273
1053	0.32413991015446575
1054	0.3241399094138171
1055	0.3241399086737965
1056	0.3241399079344038
1057	0.32413990719563834
1058	0.3241399064574988
1059	0.32413990571998486
1060	0.3241399049830971
1061	0.3241399042468337
1062	0.3241399035111939
1063	0.3241399027761786
1064	0.3241399020417858
1065	0.3241399013080164
1066	0.3241399005748692
1067	0.3241398998423438
1068	0.3241398991104382
1069	0.3241398983791547
1070	0.32413989764849027
1071	0.3241398969184454
1072	0.3241398961890205
1073	0.324139895460213
1074	0.32413989473202365
1075	0.32413989400445176
1076	0.32413989327749704
1077	0.3241398925511591
1078	0.3241398918254363
1079	0.3241398911003286
1080	0.32413989037583635
1081	0.32413988965195845
1082	0.32413988892869383
1083	0.3241398882060424
1084	0.32413988748400363
1085	0.32413988676257693
1086	0.3241398860417626
1087	0.32413988532155935
1088	0.32413988460196685
1089	0.3241398838829836
1090	0.3241398831646108
1091	0.3241398824468469
1092	0.3241398817296908
1093	0.32413988101314334
1094	0.3241398802972034
1095	0.32413987958187046
1096	0.3241398788671444
1097	0.3241398781530242
1098	0.3241398774395085
1099	0.324139876726599
1100	0.32413987601429345
1101	0.3241398753025918
1102	0.32413987459149374
1103	0.3241398738809981
1104	0.3241398731711049
1105	0.32413987246181375
1106	0.3241398717531244
1107	0.3241398710450359
1108	0.32413987033754754
1109	0.32413986963065927
1110	0.32413986892436925
1111	0.3241398682186789
1112	0.32413986751358687
1113	0.32413986680909235
1114	0.32413986610519513
1115	0.32413986540189504
1116	0.32413986469919176
1117	0.3241398639970837
1118	0.3241398632955695
1119	0.32413986259465244
1120	0.32413986189432836
1121	0.3241398611945975
1122	0.324139860495461
1123	0.32413985979691684
1124	0.3241398590989651
1125	0.3241398584016047
1126	0.32413985770483594
1127	0.3241398570086574
1128	0.32413985631306935
1129	0.32413985561807096
1130	0.32413985492366204
1131	0.3241398542298416
1132	0.32413985353660985
1133	0.32413985284396496
1134	0.3241398521519084
1135	0.3241398514604382
1136	0.3241398507695537
1137	0.32413985007925555
1138	0.3241398493895425
1139	0.3241398487004135
1140	0.32413984801186985
1141	0.3241398473239095
1142	0.3241398466365317
1143	0.3241398459497373
1144	0.3241398452635244
1145	0.3241398445778952
1146	0.32413984389284567
1147	0.32413984320837724
1148	0.3241398425244902
1149	0.3241398418411819
1150	0.3241398411584531
1151	0.32413984047630234
1152	0.3241398397947306
1153	0.3241398391137368
1154	0.3241398384333202
1155	0.32413983775347993
1156	0.3241398370742173
1157	0.3241398363955291
1158	0.3241398357174173
1159	0.3241398350398795
1160	0.3241398343629161
1161	0.32413983368652843
1162	0.3241398330107131
1163	0.32413983233546995
1164	0.3241398316607996
1165	0.32413983098670146
1166	0.32413983031317456
1167	0.3241398296402195
1168	0.324139828967834
1169	0.32413982829601934
1170	0.32413982762477306
1171	0.3241398269540964
1172	0.32413982628398913
1173	0.32413982561444843
1174	0.32413982494547644
1175	0.32413982427707133
1176	0.3241398236092329
1177	0.3241398229419603
1178	0.3241398222752543
1179	0.324139821609113
1180	0.3241398209435362
1181	0.3241398202785237
1182	0.3241398196140748
1183	0.3241398189501894
1184	0.3241398182868669
1185	0.32413981762410676
1186	0.3241398169619075
1187	0.32413981630027106
1188	0.32413981563919514
1189	0.32413981497867944
1190	0.3241398143187237
1191	0.3241398136593273
1192	0.32413981300048983
1193	0.32413981234221123
1194	0.32413981168449046
1195	0.32413981102732786
1196	0.3241398103707209
1197	0.3241398097146717
1198	0.3241398090591792
1199	0.32413980840424084
1200	0.32413980774985873
1201	0.3241398070960303
1202	0.32413980644275775
1203	0.3241398057900382
1204	0.32413980513787133
1205	0.3241398044862588
1206	0.32413980383519747
1207	0.32413980318468827
1208	0.3241398025347311
1209	0.3241398018853238
1210	0.3241398012364683
1211	0.324139800588162
1212	0.3241397999404051
1213	0.32413979929319725
1214	0.32413979864653947
1215	0.3241397980004287
1216	0.32413979735486614
1217	0.324139796709851
1218	0.32413979606538174
1219	0.32413979542145926
1220	0.3241397947780827
1221	0.32413979413525157
1222	0.32413979349296485
1223	0.32413979285122263
1224	0.3241397922100255
1225	0.32413979156937034
1226	0.32413979092926076
1227	0.32413979028969186
1228	0.32413978965066487
1229	0.32413978901218016
1230	0.32413978837423696
1231	0.3241397877368344
1232	0.32413978709997127
1233	0.3241397864636487
1234	0.3241397858278659
1235	0.324139785192622
1236	0.3241397845579162
1237	0.3241397839237495
1238	0.32413978329011806
1239	0.3241397826570255
1240	0.32413978202446875
1241	0.3241397813924496
1242	0.32413978076096495
1243	0.3241397801300151
1244	0.32413977949960165
1245	0.3241397788697219
1246	0.32413977824037643
1247	0.32413977761156393
1248	0.3241397769832843
1249	0.32413977635553737
1250	0.32413977572832275
1251	0.32413977510163944
1252	0.3241397744754889
1253	0.32413977384986725
1254	0.3241397732247765
1255	0.3241397726002159
1256	0.32413977197618354
1257	0.32413977135268124
1258	0.3241397707297078
1259	0.32413977010726175
1260	0.32413976948534307
1261	0.3241397688639528
1262	0.32413976824308904
1263	0.32413976762275093
1264	0.3241397670029385
1265	0.3241397663836516
1266	0.32413976576488895
1267	0.32413976514665244
1268	0.32413976452893833
1269	0.32413976391174854
1270	0.324139763295082
1271	0.32413976267893824
1272	0.32413976206331635
1273	0.32413976144821705
1274	0.32413976083363855
1275	0.32413976021958035
1276	0.3241397596060436
1277	0.32413975899302716
1278	0.3241397583805298
1279	0.32413975776855125
1280	0.32413975715709187
1281	0.3241397565461503
1282	0.3241397559357271
1283	0.3241397553258214
1284	0.3241397547164321
1285	0.3241397541075599
1286	0.3241397534992041
1287	0.32413975289136365
1288	0.3241397522840389
1289	0.32413975167722814
1290	0.32413975107093157
1291	0.3241397504651488
1292	0.32413974985987987
1293	0.3241397492551246
1294	0.3241397486508813
1295	0.3241397480471499
1296	0.3241397474439309
1297	0.32413974684122276
1298	0.3241397462390256
1299	0.3241397456373389
1300	0.3241397450361622
1301	0.3241397444354948
1302	0.3241397438353364
1303	0.3241397432356871
1304	0.324139742636546
1305	0.32413974203791307
1306	0.32413974143978674
1307	0.32413974084216707
1308	0.324139740245055
1309	0.3241397396484494
1310	0.3241397390523484
1311	0.32413973845675326
1312	0.3241397378616624
1313	0.32413973726707657
1314	0.32413973667299456
1315	0.32413973607941515
1316	0.3241397354863406
1317	0.3241397348937681
1318	0.3241397343016967
1319	0.3241397337101278
1320	0.32413973311906047
1321	0.3241397325284942
1322	0.32413973193842827
1323	0.3241397313488626
1324	0.32413973075979646
1325	0.3241397301712293
1326	0.32413972958316184
1327	0.3241397289955929
1328	0.3241397284085213
1329	0.32413972782194705
1330	0.32413972723586987
1331	0.3241397266502906
1332	0.324139726065207
1333	0.3241397254806191
1334	0.3241397248965269
1335	0.32413972431293
1336	0.324139723729827
1337	0.3241397231472186
1338	0.32413972256510387
1339	0.3241397219834833
1340	0.3241397214023544
1341	0.32413972082171894
1342	0.3241397202415753
1343	0.3241397196619232
1344	0.3241397190827634
1345	0.3241397185040933
1346	0.324139717925914
1347	0.324139717348224
1348	0.32413971677102543
1349	0.324139716194314
1350	0.3241397156180935
1351	0.3241397150423598
1352	0.324139714467114
1353	0.32413971389235585
1354	0.3241397133180852
1355	0.3241397127443016
1356	0.3241397121710038
1357	0.3241397115981922
1358	0.3241397110258654
1359	0.3241397104540243
1360	0.3241397098826682
1361	0.3241397093117961
1362	0.3241397087414071
1363	0.32413970817150217
1364	0.3241397076020804
1365	0.32413970703314055
1366	0.3241397064646828
1367	0.3241397058967078
1368	0.32413970532921343
1369	0.3241397047622008
1370	0.3241397041956682
1371	0.3241397036296152
1372	0.32413970306404255
1373	0.3241397024989495
1374	0.3241397019343344
1375	0.32413970137019915
1376	0.32413970080654075
1377	0.32413970024336025
1378	0.32413969968065753
1379	0.3241396991184313
1380	0.324139698556682
1381	0.32413969799540854
1382	0.3241396974346112
1383	0.3241396968742883
1384	0.3241396963144406
1385	0.32413969575506774
1386	0.3241396951961684
1387	0.32413969463774284
1388	0.32413969407979065
1389	0.3241396935223123
1390	0.3241396929653046
1391	0.3241396924087701
1392	0.3241396918527069
1393	0.3241396912971155
1394	0.32413969074199395
1395	0.32413969018734334
1396	0.32413968963316303
1397	0.32413968907945234
1398	0.32413968852621
1399	0.3241396879734382
1400	0.3241396874211334
1401	0.3241396868692971
1402	0.3241396863179287
1403	0.3241396857670275
1404	0.32413968521659287
1405	0.3241396846666249
1406	0.32413968411712374
1407	0.3241396835680874
1408	0.3241396830195173
1409	0.32413968247141056
1410	0.3241396819237685
1411	0.32413968137659155
1412	0.32413968082987776
1413	0.32413968028362783
1414	0.32413967973783997
1415	0.3241396791925149
1416	0.3241396786476519
1417	0.3241396781032515
1418	0.32413967755931133
1419	0.3241396770158331
1420	0.3241396764728147
1421	0.3241396759302569
1422	0.3241396753881587
1423	0.3241396748465198
1424	0.3241396743053402
1425	0.3241396737646195
1426	0.3241396732243564
1427	0.3241396726845508
1428	0.32413967214520345
1429	0.3241396716063136
1430	0.3241396710678787
1431	0.3241396705299014
1432	0.3241396699923794
1433	0.32413966945531386
1434	0.32413966891870266
1435	0.3241396683825461
1436	0.3241396678468436
1437	0.3241396673115962
1438	0.3241396667768018
1439	0.3241396662424606
1440	0.324139665708572
1441	0.3241396651751351
1442	0.3241396646421529
1443	0.32413966410961925
1444	0.32413966357753876
1445	0.3241396630459085
1446	0.3241396625147289
1447	0.3241396619840002
1448	0.3241396614537199
1449	0.3241396609238893
1450	0.324139660394508
1451	0.3241396598655754
1452	0.3241396593370905
1453	0.324139658809054
1454	0.32413965828146485
1455	0.3241396577543222
1456	0.3241396572276267
1457	0.32413965670137757
1458	0.3241396561755738
1459	0.3241396556502166
1460	0.32413965512530446
1461	0.3241396546008368
1462	0.32413965407681333
1463	0.3241396535532345
1464	0.32413965303009834
1465	0.32413965250740656
1466	0.32413965198515726
1467	0.3241396514633504
1468	0.32413965094198555
1469	0.324139650421063
1470	0.32413964990058075
1471	0.3241396493805411
1472	0.32413964886094143
1473	0.324139648341782
1474	0.32413964782306276
1475	0.3241396473047825
1476	0.32413964678694174
1477	0.3241396462695405
1478	0.32413964575257626
1479	0.32413964523605115
1480	0.32413964471996387
1481	0.32413964420431324
1482	0.32413964368909914
1483	0.3241396431743224
1484	0.32413964265998146
1485	0.3241396421460772
1486	0.3241396416326077
1487	0.32413964111957394
1488	0.32413964060697337
1489	0.32413964009480833
1490	0.3241396395830772
1491	0.3241396390717794
1492	0.3241396385609152
1493	0.3241396380504837
1494	0.3241396375404845
1495	0.32413963703091686
1496	0.32413963652178224
1497	0.32413963601307844
1498	0.32413963550480585
1499	0.32413963499696435
1500	0.32413963448955296
1501	0.32413963398257073
1502	0.32413963347601843
1503	0.32413963296989645
1504	0.32413963246420197
1505	0.3241396319589358
1506	0.32413963145409835
1507	0.32413963094968856
1508	0.32413963044570676
1509	0.3241396299421518
1510	0.32413962943902286
1511	0.3241396289363206
1512	0.3241396284340447
1513	0.32413962793219336
1514	0.32413962743076846
1515	0.32413962692976794
1516	0.3241396264291913
1517	0.32413962592903944
1518	0.32413962542931135
1519	0.3241396249300066
1520	0.3241396244311255
1521	0.3241396239326656
1522	0.3241396234346298
1523	0.324139622937014
1524	0.32413962243982186
1525	0.32413962194304974
1526	0.3241396214466994
1527	0.32413962095076865
1528	0.324139620455259
1529	0.32413961996016816
1530	0.3241396194654979
1531	0.3241396189712463
1532	0.3241396184774133
1533	0.3241396179839987
1534	0.3241396174910027
1535	0.3241396169984239
1536	0.32413961650626294
1537	0.32413961601451785
1538	0.3241396155231911
1539	0.32413961503227917
1540	0.324139614541784
1541	0.32413961405170355
1542	0.32413961356203985
1543	0.3241396130727895
1544	0.32413961258395496
1545	0.3241396120955337
1546	0.32413961160752675
1547	0.32413961111993234
1548	0.3241396106327526
1549	0.3241396101459852
1550	0.32413960965962896
1551	0.32413960917368534
1552	0.32413960868815445
1553	0.32413960820303434
1554	0.32413960771832456
1555	0.3241396072340262
1556	0.32413960675013836
1557	0.32413960626665983
1558	0.3241396057835911
1559	0.3241396053009322
1560	0.324139604818681
1561	0.32413960433683975
1562	0.32413960385540663
1563	0.3241396033743808
1564	0.3241396028937628
1565	0.3241396024135518
1566	0.324139601933748
1567	0.32413960145435006
1568	0.3241396009753589
1569	0.3241396004967729
1570	0.3241396000185935
1571	0.3241395995408185
1572	0.3241395990634477
1573	0.32413959858648217
1574	0.3241395981099206
1575	0.3241395976337629
1576	0.32413959715800833
1577	0.324139596682657
1578	0.3241395962077086
1579	0.324139595733162
1580	0.3241395952590185
1581	0.32413959478527554
1582	0.3241395943119347
1583	0.32413959383899466
1584	0.32413959336645526
1585	0.3241395928943157
1586	0.32413959242257706
1587	0.32413959195123737
1588	0.3241395914802977
1589	0.32413959100975615
1590	0.32413959053961355
1591	0.32413959006986953
1592	0.3241395896005237
1593	0.324139589131575
1594	0.32413958866302356
1595	0.32413958819486877
1596	0.3241395877271113
1597	0.32413958725975034
1598	0.3241395867927855
1599	0.3241395863262151
1600	0.32413958586003977
1601	0.32413958539426135
1602	0.3241395849288759
1603	0.324139584463885
1604	0.32413958399928794
1605	0.3241395835350853
1606	0.32413958307127533
1607	0.324139582607858
1608	0.3241395821448334
1609	0.3241395816822017
1610	0.3241395812199617
1611	0.32413958075811294
1612	0.32413958029665574
1613	0.32413957983558905
1614	0.3241395793749134
1615	0.3241395789146276
1616	0.32413957845473307
1617	0.3241395779952268
1618	0.32413957753610945
1619	0.3241395770773824
1620	0.324139576619043
1621	0.3241395761610922
1622	0.32413957570352925
1623	0.3241395752463544
1624	0.3241395747895664
1625	0.32413957433316487
1626	0.3241395738771504
1627	0.3241395734215231
1628	0.3241395729662805
1629	0.32413957251142467
1630	0.3241395720569535
1631	0.3241395716028672
1632	0.324139571149165
1633	0.3241395706958482
1634	0.3241395702429158
1635	0.32413956979036646
1636	0.3241395693382008
1637	0.3241395688864175
1638	0.32413956843501823
1639	0.32413956798399984
1640	0.3241395675333637
1641	0.3241395670831102
1642	0.32413956663323834
1643	0.3241395661837471
1644	0.3241395657346359
1645	0.32413956528590615
1646	0.3241395648375552
1647	0.3241395643895853
1648	0.32413956394199434
1649	0.3241395634947831
1650	0.32413956304795055
1651	0.32413956260149623
1652	0.3241395621554203
1653	0.32413956170972236
1654	0.32413956126440163
1655	0.32413956081945766
1656	0.3241395603748914
1657	0.3241395599307018
1658	0.32413955948688883
1659	0.3241395590434509
1660	0.32413955860038896
1661	0.324139558157702
1662	0.32413955771539016
1663	0.324139557273454
1664	0.3241395568318912
1665	0.3241395563907022
1666	0.32413955594988697
1667	0.3241395555094461
1668	0.32413955506937814
1669	0.3241395546296822
1670	0.32413955419035906
1671	0.32413955375140874
1672	0.3241395533128297
1673	0.3241395528746218
1674	0.32413955243678544
1675	0.32413955199931993
1676	0.32413955156222535
1677	0.3241395511255004
1678	0.32413955068914535
1679	0.3241395502531602
1680	0.3241395498175446
1681	0.3241395493822984
1682	0.32413954894742014
1683	0.3241395485129103
1684	0.3241395480787686
1685	0.3241395476449947
1686	0.32413954721158805
1687	0.32413954677854895
1688	0.3241395463458766
1689	0.32413954591356997
1690	0.32413954548163043
1691	0.324139545050057
1692	0.32413954461884836
1693	0.32413954418800506
1694	0.32413954375752674
1695	0.32413954332741296
1696	0.32413954289766383
1697	0.3241395424682788
1698	0.32413954203925727
1699	0.32413954161059894
1700	0.324139541182304
1701	0.3241395407543716
1702	0.3241395403268018
1703	0.3241395398995944
1704	0.3241395394727491
1705	0.32413953904626447
1706	0.3241395386201416
1707	0.3241395381943796
1708	0.3241395377689784
1709	0.3241395373439373
1710	0.3241395369192566
1711	0.32413953649493554
1712	0.32413953607097346
1713	0.32413953564737025
1714	0.32413953522412686
1715	0.3241395348012412
1716	0.32413953437871423
1717	0.3241395339565443
1718	0.32413953353473224
1719	0.3241395331132783
1720	0.3241395326921805
1721	0.3241395322714391
1722	0.32413953185105526
1723	0.3241395314310267
1724	0.32413953101135456
1725	0.3241395305920372
1726	0.3241395301730755
1727	0.32413952975446764
1728	0.32413952933621565
1729	0.3241395289183173
1730	0.32413952850077266
1731	0.3241395280835814
1732	0.3241395276667451
1733	0.32413952725026
1734	0.3241395268341293
1735	0.3241395264183496
1736	0.32413952600292334
1737	0.3241395255878482
1738	0.3241395251731243
1739	0.3241395247587525
1740	0.32413952434473053
1741	0.3241395239310605
1742	0.32413952351774006
1743	0.32413952310477
1744	0.3241395226921489
1745	0.3241395222798787
1746	0.3241395218679566
1747	0.3241395214563843
1748	0.32413952104516003
1749	0.32413952063428375
1750	0.3241395202237557
1751	0.32413951981357614
1752	0.3241395194037427
1753	0.3241395189942571
1754	0.32413951858511775
1755	0.32413951817632625
1756	0.32413951776787947
1757	0.32413951735977986
1758	0.32413951695202464
1759	0.32413951654461615
1760	0.3241395161375515
1761	0.32413951573083205
1762	0.32413951532445784
1763	0.32413951491842646
1764	0.32413951451273976
1765	0.32413951410739705
1766	0.32413951370239696
1767	0.3241395132977397
1768	0.32413951289342563
1769	0.3241395124894543
1770	0.3241395120858243
1771	0.3241395116825362
1772	0.32413951127959006
1773	0.32413951087698534
1774	0.3241395104747214
1775	0.3241395100727978
1776	0.32413950967121574
1777	0.3241395092699724
1778	0.3241395088690692
1779	0.3241395084685053
1780	0.32413950806828223
1781	0.3241395076683967
1782	0.32413950726884966
1783	0.3241395068696415
1784	0.3241395064707719
1785	0.3241395060722392
1786	0.32413950567404426
1787	0.32413950527618673
1788	0.3241395048786664
1789	0.3241395044814828
1790	0.324139504084635
1791	0.3241395036881231
1792	0.32413950329194896
1793	0.3241395028961078
1794	0.3241395025006036
1795	0.32413950210543313
1796	0.32413950171059785
1797	0.3241395013160965
1798	0.3241395009219308
1799	0.3241395005280978
1800	0.3241395001345977
1801	0.3241394997414313
1802	0.32413949934859876
1803	0.32413949895609806
1804	0.32413949856393
1805	0.32413949817209364
1806	0.3241394977805898
1807	0.3241394973894172
1808	0.32413949699857575
1809	0.3241394966080654
1810	0.3241394962178865
1811	0.32413949582803686
1812	0.3241394954385174
1813	0.32413949504932804
1814	0.32413949466046904
1815	0.3241394942719386
1816	0.32413949388373736
1817	0.32413949349586546
1818	0.32413949310832063
1819	0.3241394927211047
1820	0.3241394923342173
1821	0.32413949194765745
1822	0.32413949156142396
1823	0.3241394911755182
1824	0.3241394907899399
1825	0.3241394904046869
1826	0.32413949001976056
1827	0.32413948963516065
1828	0.3241394892508859
1829	0.3241394888669372
1830	0.3241394884833126
1831	0.3241394881000134
1832	0.3241394877170393
1833	0.32413948733438896
1834	0.32413948695206307
1835	0.3241394865700604
1836	0.3241394861883814
1837	0.32413948580702645
1838	0.3241394854259931
1839	0.3241394850452829
1840	0.3241394846648953
1841	0.3241394842848301
1842	0.32413948390508646
1843	0.3241394835256641
1844	0.3241394831465635
1845	0.3241394827677829
1846	0.324139482389325
1847	0.32413948201118636
1848	0.3241394816333678
1849	0.3241394812558698
1850	0.3241394808786907
1851	0.3241394805018315
1852	0.324139480125291
1853	0.32413947974906954
1854	0.3241394793731667
1855	0.3241394789975824
1856	0.32413947862231646
1857	0.32413947824736766
1858	0.3241394778727365
1859	0.324139477498422
1860	0.3241394771244255
1861	0.32413947675074534
1862	0.3241394763773814
1863	0.3241394760043339
1864	0.32413947563160145
1865	0.32413947525918596
1866	0.32413947488708483
1867	0.3241394745152996
1868	0.3241394741438284
1869	0.32413947377267177
1870	0.32413947340183047
1871	0.32413947303130225
1872	0.3241394726610879
1873	0.3241394722911866
1874	0.32413947192159975
1875	0.3241394715523255
1876	0.32413947118336334
1877	0.3241394708147139
1878	0.3241394704463769
1879	0.32413947007835175
1880	0.3241394697106373
1881	0.3241394693432355
1882	0.32413946897614365
1883	0.3241394686093634
1884	0.32413946824289347
1885	0.32413946787673353
1886	0.3241394675108841
1887	0.3241394671453446
1888	0.324139466780114
1889	0.32413946641519265
1890	0.324139466050581
1891	0.32413946568627794
1892	0.32413946532228344
1893	0.3241394649585972
1894	0.324139464595218
1895	0.3241394642321471
1896	0.32413946386938314
1897	0.32413946350692724
1898	0.3241394631447779
1899	0.32413946278293526
1900	0.3241394624213985
1901	0.3241394620601686
1902	0.3241394616992435
1903	0.32413946133862465
1904	0.3241394609783117
1905	0.3241394606183034
1906	0.3241394602585998
1907	0.32413945989920034
1908	0.3241394595401059
1909	0.32413945918131465
1910	0.3241394588228278
1911	0.324139458464645
1912	0.32413945810676487
1913	0.32413945774918773
1914	0.3241394573919139
1915	0.3241394570349419
1916	0.32413945667827193
1917	0.3241394563219045
1918	0.3241394559658389
1919	0.3241394556100747
1920	0.3241394552546111
1921	0.32413945489944973
1922	0.3241394545445881
1923	0.32413945419002776
1924	0.3241394538357658
1925	0.3241394534818057
1926	0.3241394531281448
1927	0.3241394527747829
1928	0.32413945242172043
1929	0.32413945206895656
1930	0.32413945171649156
1931	0.3241394513643258
1932	0.32413945101245695
1933	0.32413945066088656
1934	0.32413945030961433
1935	0.3241394499586389
1936	0.32413944960796054
1937	0.32413944925757926
1938	0.32413944890749424
1939	0.3241394485577071
1940	0.3241394482082147
1941	0.3241394478590184
1942	0.3241394475101176
1943	0.3241394471615128
1944	0.32413944681320317
1945	0.3241394464651883
1946	0.3241394461174684
1947	0.32413944577004183
1948	0.3241394454229095
1949	0.3241394450760717
1950	0.3241394447295278
1951	0.3241394443832768
1952	0.32413944403731954
1953	0.3241394436916547
1954	0.32413944334628203
1955	0.3241394430012025
1956	0.3241394426564154
1957	0.32413944231191877
1958	0.32413944196771516
1959	0.32413944162380276
1960	0.32413944128018113
1961	0.32413944093685054
1962	0.3241394405938107
1963	0.3241394402510611
1964	0.32413943990860206
1965	0.32413943956643254
1966	0.3241394392245533
1967	0.32413943888296226
1968	0.3241394385416616
1969	0.3241394382006499
1970	0.32413943785992677
1971	0.32413943751949165
1972	0.3241394371793447
1973	0.3241394368394856
1974	0.3241394364999155
1975	0.3241394361606315
1976	0.3241394358216356
1977	0.32413943548292684
1978	0.32413943514450366
1979	0.3241394348063678
1980	0.32413943446851795
1981	0.324139434130954
1982	0.3241394337936763
1983	0.32413943345668417
1984	0.32413943311997623
1985	0.3241394327835549
1986	0.32413943244741694
1987	0.3241394321115645
1988	0.324139431775996
1989	0.3241394314407117
1990	0.32413943110571164
1991	0.32413943077099455
1992	0.324139430436561
1993	0.32413943010241103
1994	0.32413942976854404
1995	0.3241394294349585
1996	0.3241394291016565
1997	0.32413942876863594
1998	0.3241394284358975
1999	0.3241394281034408
2000	0.32413942777126564
2001	0.32413942743937135
2002	0.32413942710775867
2003	0.3241394267764265
2004	0.3241394264453749
2005	0.32413942611460256
2006	0.3241394257841112
2007	0.32413942545389934
2008	0.32413942512396704
2009	0.32413942479431507
2010	0.3241394244649406
2011	0.32413942413584595
2012	0.324139423807029
2013	0.32413942347849134
2014	0.324139423150231
2015	0.3241394228222488
2016	0.3241394224945443
2017	0.3241394221671177
2018	0.3241394218399677
2019	0.32413942151309416
2020	0.3241394211864985
2021	0.3241394208601787
2022	0.3241394205341353
2023	0.32413942020836745
2024	0.3241394198828767
2025	0.32413941955765946
2026	0.3241394192327192
2027	0.324139418908053
2028	0.32413941858366235
2029	0.32413941825954534
2030	0.32413941793570406
2031	0.3241394176121355
2032	0.3241394172888416
2033	0.3241394169658211
2034	0.3241394166430747
2035	0.32413941632060056
2036	0.32413941599840024
2037	0.3241394156764725
2038	0.3241394153548167
2039	0.3241394150334331
2040	0.3241394147123222
2041	0.3241394143914827
2042	0.3241394140709146
2043	0.32413941375061894
2044	0.3241394134305941
2045	0.3241394131108392
2046	0.32413941279135483
2047	0.32413941247214273
2048	0.32413941215319925
2049	0.3241394118345264
2050	0.3241394115161229
2051	0.3241394111979884
2052	0.3241394108801247
2053	0.324139410562529
2054	0.3241394102452028
2055	0.32413940992814494
2056	0.3241394096113555
2057	0.3241394092948332
2058	0.3241394089785797
2059	0.3241394086625941
2060	0.3241394083468752
2061	0.324139408031424
2062	0.32413940771624034
2063	0.32413940740132263
2064	0.32413940708667205
2065	0.32413940677228714
2066	0.32413940645816897
2067	0.32413940614431686
2068	0.3241394058307296
2069	0.3241394055174088
2070	0.3241394052043523
2071	0.32413940489156096
2072	0.32413940457903484
2073	0.32413940426677296
2074	0.32413940395477503
2075	0.32413940364304134
2076	0.3241394033315723
2077	0.3241394030203659
2078	0.32413940270942276
2079	0.3241394023987439
2080	0.3241394020883277
2081	0.32413940177817363
2082	0.32413940146828324
2083	0.3241394011586538
2084	0.32413940084928716
2085	0.3241394005401812
2086	0.3241394002313383
2087	0.32413939992275687
2088	0.3241393996144355
2089	0.3241393993063762
2090	0.3241393989985769
2091	0.32413939869103886
2092	0.3241393983837609
2093	0.3241393980767415
2094	0.32413939776998363
2095	0.3241393974634848
2096	0.32413939715724643
2097	0.32413939685126586
2098	0.3241393965455447
2099	0.32413939624008214
2100	0.32413939593487817
2101	0.32413939562993355
2102	0.32413939532524627
2103	0.3241393950208164
2104	0.3241393947166443
2105	0.3241393944127304
2106	0.32413939410907294
2107	0.3241393938056731
2108	0.32413939350252946
2109	0.32413939319964274
2110	0.3241393928970132
2111	0.32413939259463853
2112	0.3241393922925199
2113	0.3241393919906572
2114	0.3241393916890506
2115	0.3241393913876988
2116	0.32413939108660106
2117	0.3241393907857594
2118	0.3241393904851714
2119	0.32413939018483917
2120	0.32413938988475977
2121	0.3241393895849351
2122	0.3241393892853641
2123	0.3241393889860463
2124	0.32413938868698167
2125	0.32413938838817075
2126	0.3241393880896129
2127	0.324139387791307
2128	0.32413938749325444
2129	0.3241393871954534
2130	0.3241393868979051
2131	0.3241393866006078
2132	0.32413938630356226
2133	0.3241393860067682
2134	0.32413938571022566
2135	0.3241393854139331
2136	0.3241393851178926
2137	0.3241393848221027
2138	0.3241393845265624
2139	0.32413938423127225
2140	0.3241393839362315
2141	0.3241393836414412
2142	0.3241393833469008
2143	0.32413938305260936
2144	0.3241393827585658
2145	0.32413938246477253
2146	0.32413938217122684
2147	0.3241393818779304
2148	0.32413938158488204
2149	0.32413938129208086
2150	0.3241393809995285
2151	0.3241393807072239
2152	0.3241393804151655
2153	0.32413938012335575
2154	0.3241393798317912
2155	0.3241393795404752
2156	0.3241393792494047
2157	0.32413937895858036
2158	0.3241393786680026
2159	0.32413937837767065
2160	0.32413937808758414
2161	0.3241393777977433
2162	0.32413937750814803
2163	0.3241393772187974
2164	0.3241393769296923
2165	0.3241393766408309
2166	0.3241393763522148
2167	0.3241393760638419
2168	0.32413937577571417
2169	0.3241393754878299
2170	0.3241393752001889
2171	0.3241393749127922
2172	0.32413937462563824
2173	0.3241393743387264
2174	0.32413937405205817
2175	0.32413937376563245
2176	0.3241393734794495
2177	0.3241393731935078
2178	0.3241393729078087
2179	0.32413937262235126
2180	0.3241393723371362
2181	0.32413937205216087
2182	0.32413937176742785
2183	0.3241393714829353
2184	0.3241393711986837
2185	0.32413937091467265
2186	0.3241393706309019
2187	0.3241393703473716
2188	0.32413937006408056
2189	0.3241393697810298
2190	0.32413936949821837
2191	0.32413936921564646
2192	0.32413936893331324
2193	0.32413936865121923
2194	0.32413936836936397
2195	0.32413936808774735
2196	0.32413936780636843
2197	0.3241393675252275
2198	0.3241393672443259
2199	0.32413936696366086
2200	0.32413936668323345
2201	0.32413936640304347
2202	0.32413936612309
2203	0.3241393658433737
2204	0.32413936556389494
2205	0.3241393652846518
2206	0.3241393650056455
2207	0.3241393647268748
2208	0.3241393644483404
2209	0.324139364170041
2210	0.32413936389197795
2211	0.32413936361415
2212	0.32413936333655674
2213	0.32413936305919827
2214	0.32413936278207567
2215	0.3241393625051862
2216	0.3241393622285315
2217	0.32413936195211085
2218	0.32413936167592466
2219	0.32413936139997146
2220	0.32413936112425273
2221	0.32413936084876543
2222	0.3241393605735128
2223	0.32413936029849194
2224	0.3241393600237051
2225	0.3241393597491508
2226	0.3241393594748275
2227	0.3241393592007372
2228	0.3241393589268781
2229	0.3241393586532515
2230	0.32413935837985636
2231	0.3241393581066925
2232	0.3241393578337604
2233	0.3241393575610576
2234	0.32413935728858595
2235	0.32413935701634583
2236	0.3241393567443355
2237	0.3241393564725557
2238	0.324139356201005
2239	0.3241393559296852
2240	0.32413935565859475
2241	0.32413935538773275
2242	0.32413935511710046
2243	0.32413935484669737
2244	0.32413935457652254
2245	0.32413935430657687
2246	0.32413935403685856
2247	0.32413935376736974
2248	0.3241393534981084
2249	0.32413935322907483
2250	0.3241393529602699
2251	0.3241393526916907
2252	0.32413935242334
2253	0.3241393521552161
2254	0.32413935188731907
2255	0.3241393516196476
2256	0.32413935135220406
2257	0.3241393510849864
2258	0.3241393508179947
2259	0.32413935055122856
2260	0.32413935028468827
2261	0.3241393500183738
2262	0.3241393497522852
2263	0.32413934948642104
2264	0.32413934922078114
2265	0.3241393489553674
2266	0.3241393486901774
2267	0.32413934842521186
2268	0.3241393481604701
2269	0.32413934789595295
2270	0.32413934763165925
2271	0.3241393473675894
2272	0.3241393471037428
2273	0.3241393468401193
2274	0.32413934657671967
2275	0.3241393463135422
2276	0.32413934605058803
2277	0.3241393457878552
2278	0.32413934552534485
2279	0.3241393452630576
2280	0.3241393450009914
2281	0.32413934473914763
2282	0.32413934447752485
2283	0.3241393442161232
2284	0.3241393439549431
2285	0.3241393436939838
2286	0.3241393434332457
2287	0.32413934317272786
2288	0.3241393429124297
2289	0.3241393426523526
2290	0.3241393423924962
2291	0.3241393421328584
2292	0.3241393418734411
2293	0.324139341614242
2294	0.32413934135526346
2295	0.32413934109650366
2296	0.3241393408379623
2297	0.32413934057964094
2298	0.324139340321537
2299	0.32413934006365147
2300	0.3241393398059845
2301	0.3241393395485354
2302	0.32413933929130373
2303	0.3241393390342898
2304	0.324139338777494
2305	0.32413933852091537
2306	0.3241393382645529
2307	0.324139338008408
2308	0.3241393377524801
2309	0.3241393374967673
2310	0.32413933724127253
2311	0.3241393369859925
2312	0.32413933673092904
2313	0.32413933647608184
2314	0.32413933622144925
2315	0.32413933596703265
2316	0.32413933571283193
2317	0.32413933545884543
2318	0.3241393352050736
2319	0.32413933495151637
2320	0.3241393346981747
2321	0.32413933444504694
2322	0.3241393341921325
2323	0.3241393339394324
2324	0.32413933368694703
2325	0.3241393334346741
2326	0.32413933318261473
2327	0.3241393329307692
2328	0.32413933267913664
2329	0.3241393324277163
2330	0.32413933217650875
2331	0.324139331925514
2332	0.3241393316747319
2333	0.3241393314241616
2334	0.3241393311738038
2335	0.3241393309236564
2336	0.3241393306737207
2337	0.32413933042399795
2338	0.32413933017448554
2339	0.32413932992518446
2340	0.32413932967609493
2341	0.3241393294272148
2342	0.32413932917854543
2343	0.32413932893008734
2344	0.3241393286818384
2345	0.3241393284338008
2346	0.3241393281859715
2347	0.3241393279383524
2348	0.3241393276909432
2349	0.32413932744374263
2350	0.3241393271967512
2351	0.3241393269499695
2352	0.3241393267033952
2353	0.32413932645703114
2354	0.32413932621087377
2355	0.3241393259649255
2356	0.3241393257191852
2357	0.32413932547365304
2358	0.32413932522832883
2359	0.32413932498321113
2360	0.32413932473830165
2361	0.3241393244935988
2362	0.32413932424910313
2363	0.32413932400481366
2364	0.32413932376073185
2365	0.3241393235168564
2366	0.3241393232731869
2367	0.32413932302972354
2368	0.3241393227864662
2369	0.32413932254341465
2370	0.32413932230056813
2371	0.3241393220579278
2372	0.3241393218154926
2373	0.3241393215732616
2374	0.3241393213312362
2375	0.324139321089415
2376	0.3241393208477993
2377	0.32413932060638756
2378	0.3241393203651801
2379	0.32413932012417634
2380	0.32413931988337685
2381	0.3241393196427805
2382	0.3241393194023877
2383	0.32413931916219874
2384	0.32413931892221276
2385	0.32413931868242957
2386	0.3241393184428491
2387	0.3241393182034722
2388	0.32413931796429674
2389	0.32413931772532373
2390	0.3241393174865532
2391	0.32413931724798434
2392	0.3241393170096176
2393	0.324139316771452
2394	0.32413931653348793
2395	0.32413931629572557
2396	0.3241393160581646
2397	0.3241393158208041
2398	0.3241393155836438
2399	0.32413931534668466
2400	0.3241393151099255
2401	0.32413931487336684
2402	0.3241393146370081
2403	0.32413931440085025
2404	0.32413931416489133
2405	0.3241393139291321
2406	0.3241393136935726
2407	0.3241393134582117
2408	0.3241393132230498
2409	0.3241393129880874
2410	0.32413931275332347
2411	0.32413931251875827
2412	0.3241393122843921
2413	0.324139312050223
2414	0.32413931181625166
2415	0.3241393115824789
2416	0.3241393113489041
2417	0.32413931111552724
2418	0.3241393108823468
2419	0.32413931064936347
2420	0.32413931041657784
2421	0.32413931018398884
2422	0.3241393099515961
2423	0.3241393097194011
2424	0.3241393094874011
2425	0.3241393092555981
2426	0.324139309023991
2427	0.3241393087925797
2428	0.32413930856136497
2429	0.32413930833034443
2430	0.32413930809952074
2431	0.32413930786889067
2432	0.32413930763845705
2433	0.3241393074082168
2434	0.3241393071781723
2435	0.3241393069483225
2436	0.3241393067186664
2437	0.32413930648920536
2438	0.32413930625993786
2439	0.3241393060308646
2440	0.32413930580198413
2441	0.32413930557329723
2442	0.32413930534480556
2443	0.32413930511650596
2444	0.32413930488839965
2445	0.3241393046604859
2446	0.324139304432765
2447	0.32413930420523684
2448	0.32413930397790125
2449	0.32413930375075706
2450	0.32413930352380577
2451	0.3241393032970466
2452	0.3241393030704779
2453	0.3241393028441029
2454	0.32413930261791735
2455	0.32413930239192473
2456	0.3241393021661224
2457	0.3241393019405108
2458	0.32413930171508964
2459	0.32413930148986014
2460	0.3241393012648201
2461	0.32413930103997135
2462	0.3241393008153126
2463	0.32413930059084367
2464	0.3241393003665649
2465	0.3241393001424747
2466	0.3241392999185749
2467	0.3241392996948634
2468	0.32413929947134285
2469	0.32413929924801055
2470	0.3241392990248671
2471	0.32413929880191217
2472	0.32413929857914536
2473	0.32413929835656746
2474	0.32413929813417747
2475	0.3241392979119765
2476	0.3241392976899625
2477	0.32413929746813636
2478	0.324139297246498
2479	0.3241392970250475
2480	0.32413929680378434
2481	0.32413929658270685
2482	0.3241392963618175
2483	0.32413929614111403
2484	0.32413929592059804
2485	0.32413929570026817
2486	0.32413929548012516
2487	0.3241392952601679
2488	0.3241392950403967
2489	0.32413929482081094
2490	0.3241392946014115
2491	0.3241392943821969
2492	0.32413929416316806
2493	0.32413929394432506
2494	0.32413929372566613
2495	0.3241392935071919
2496	0.3241392932889037
2497	0.3241392930707992
2498	0.32413929285287907
2499	0.324139292635144
2500	0.3241392924175919
2501	0.3241392922002241
2502	0.3241392919830413
2503	0.32413929176604034
2504	0.3241392915492234
2505	0.3241392913325909
2506	0.3241392911161399
2507	0.32413929089987353
2508	0.32413929068378927
2509	0.3241392904678877
2510	0.3241392902521693
2511	0.32413929003663283
2512	0.32413928982127865
2513	0.3241392896061059
2514	0.32413928939111564
2515	0.32413928917630785
2516	0.3241392889616808
2517	0.32413928874723547
2518	0.32413928853297214
2519	0.32413928831888894
2520	0.3241392881049867
2521	0.3241392878912659
2522	0.324139287677726
2523	0.3241392874643661
2524	0.3241392872511873
2525	0.32413928703818773
2526	0.3241392868253693
2527	0.3241392866127303
2528	0.3241392864002713
2529	0.32413928618799104
2530	0.324139285975892
2531	0.3241392857639711
2532	0.3241392855522297
2533	0.32413928534066666
2534	0.3241392851292824
2535	0.32413928491807836
2536	0.3241392847070523
2537	0.32413928449620394
2538	0.3241392842855345
2539	0.3241392840750431
2540	0.3241392838647296
2541	0.3241392836545938
2542	0.3241392834446361
2543	0.32413928323485586
2544	0.324139283025253
2545	0.3241392828158274
2546	0.3241392826065773
2547	0.32413928239750567
2548	0.3241392821886106
2549	0.324139281979893
2550	0.32413928177135043
2551	0.324139281562985
2552	0.32413928135479503
2553	0.3241392811467821
2554	0.3241392809389441
2555	0.3241392807312816
2556	0.32413928052379554
2557	0.324139280316485
2558	0.3241392801093494
2559	0.3241392799023886
2560	0.32413927969560397
2561	0.32413927948899257
2562	0.32413927928255604
2563	0.324139279076295
2564	0.3241392788702079
2565	0.32413927866429565
2566	0.3241392784585571
2567	0.32413927825299194
2568	0.32413927804760106
2569	0.3241392778423832
2570	0.3241392776373395
2571	0.3241392774324695
2572	0.32413927722777136
2573	0.3241392770232477
2574	0.3241392768188957
2575	0.3241392766147177
2576	0.324139276410711
2577	0.324139276206878
2578	0.3241392760032173
2579	0.3241392757997276
2580	0.324139275596411
2581	0.32413927539326637
2582	0.32413927519029295
2583	0.324139274987491
2584	0.32413927478486
2585	0.3241392745824017
2586	0.32413927438011425
2587	0.3241392741779971
2588	0.3241392739760512
2589	0.3241392737742765
2590	0.3241392735726722
2591	0.3241392733712371
2592	0.3241392731699736
2593	0.3241392729688799
2594	0.3241392727679561
2595	0.3241392725672027
2596	0.3241392723666174
2597	0.3241392721662038
2598	0.324139271965959
2599	0.32413927176588325
2600	0.324139271565976
2601	0.3241392713662386
2602	0.3241392711666695
2603	0.3241392709672691
2604	0.32413927076803734
2605	0.324139270568975
2606	0.3241392703700799
2607	0.32413927017135324
2608	0.3241392699727943
2609	0.32413926977440327
2610	0.3241392695761801
2611	0.32413926937812504
2612	0.32413926918023667
2613	0.3241392689825162
2614	0.32413926878496135
2615	0.3241392685875751
2616	0.3241392683903554
2617	0.3241392681933021
2618	0.32413926799641596
2619	0.3241392677996957
2620	0.32413926760314116
2621	0.32413926740675425
2622	0.3241392672105322
2623	0.32413926701447615
2624	0.32413926681858646
2625	0.3241392666228622
2626	0.32413926642730284
2627	0.32413926623190953
2628	0.3241392660366797
2629	0.32413926584161695
2630	0.32413926564671847
2631	0.3241392654519847
2632	0.32413926525741565
2633	0.32413926506301066
2634	0.32413926486877054
2635	0.324139264674693
2636	0.3241392644807814
2637	0.32413926428703327
2638	0.3241392640934489
2639	0.324139263900028
2640	0.3241392637067709
2641	0.32413926351367695
2642	0.32413926332074555
2643	0.32413926312797814
2644	0.32413926293537354
2645	0.32413926274293087
2646	0.32413926255065173
2647	0.32413926235853485
2648	0.3241392621665809
2649	0.32413926197478926
2650	0.3241392617831589
2651	0.3241392615916907
2652	0.32413926140038424
2653	0.32413926120923975
2654	0.32413926101825674
2655	0.32413926082743594
2656	0.32413926063677495
2657	0.32413926044627683
2658	0.3241392602559382
2659	0.32413926006576077
2660	0.3241392598757442
2661	0.32413925968588897
2662	0.3241392594961937
2663	0.3241392593066583
2664	0.3241392591172836
2665	0.3241392589280691
2666	0.3241392587390142
2667	0.3241392585501195
2668	0.32413925836138474
2669	0.32413925817280836
2670	0.3241392579843915
2671	0.3241392577961342
2672	0.324139257608037
2673	0.32413925742009714
2674	0.32413925723231757
2675	0.3241392570446962
2676	0.32413925685723294
2677	0.32413925666992804
2678	0.32413925648278213
2679	0.3241392562957943
2680	0.32413925610896493
2681	0.32413925592229315
2682	0.32413925573577823
2683	0.3241392555494211
2684	0.32413925536322236
2685	0.3241392551771806
2686	0.3241392549912964
2687	0.3241392548055688
2688	0.32413925461999826
2689	0.32413925443458547
2690	0.3241392542493284
2691	0.32413925406422794
2692	0.324139253879284
2693	0.3241392536944965
2694	0.32413925350986517
2695	0.32413925332539
2696	0.3241392531410705
2697	0.32413925295690643
2698	0.32413925277289896
2699	0.32413925258904663
2700	0.3241392524053495
2701	0.3241392522218079
2702	0.3241392520384205
2703	0.3241392518551897
2704	0.324139251672112
2705	0.3241392514891901
2706	0.3241392513064226
2707	0.32413925112380904
2708	0.32413925094135165
2709	0.3241392507590463
2710	0.32413925057689613
2711	0.3241392503948992
2712	0.32413925021305695
2713	0.3241392500313678
2714	0.32413924984983283
2715	0.3241392496684507
2716	0.3241392494872212
2717	0.32413924930614657
2718	0.32413924912522274
2719	0.3241392489444532
2720	0.32413924876383693
2721	0.32413924858337256
2722	0.3241392484030609
2723	0.3241392482229021
2724	0.32413924804289496
2725	0.324139247863039
2726	0.32413924768333624
2727	0.3241392475037852
2728	0.32413924732438565
2729	0.3241392471451383
2730	0.3241392469660421
2731	0.3241392467870974
2732	0.324139246608304
2733	0.3241392464296603
2734	0.3241392462511684
2735	0.32413924607282807
2736	0.3241392458946385
2737	0.32413924571659886
2738	0.324139245538709
2739	0.3241392453609707
2740	0.32413924518338194
2741	0.3241392450059439
2742	0.32413924482865575
2743	0.3241392446515162
2744	0.32413924447452785
2745	0.32413924429768787
2746	0.3241392441209979
2747	0.3241392439444574
2748	0.3241392437680657
2749	0.32413924359182283
